#Mean	251.695
#Median	213
#Mode	173
#STDev	113.271
#PercentOfPairs	100.000
#InsertSize	Count
33	1
45	1
47	1
53	1
63	2
64	1
66	1
67	1
68	4
69	4
70	1
72	4
73	2
74	5
75	3
78	9
79	6
80	4
81	7
82	6
83	13
84	6
85	13
86	6
87	15
88	11
89	10
90	13
91	17
92	13
93	15
94	25
95	27
96	30
97	23
98	14
99	26
100	32
101	32
102	40
103	32
104	33
105	31
106	35
107	32
108	37
109	35
110	38
111	40
112	29
113	46
114	41
115	54
116	48
117	44
118	48
119	51
120	53
121	53
122	59
123	64
124	64
125	59
126	51
127	54
128	64
129	58
130	56
131	51
132	65
133	68
134	66
135	72
136	70
137	63
138	69
139	76
140	70
141	86
142	75
143	78
144	77
145	91
146	93
147	95
148	79
149	101
150	94
151	107
152	108
153	105
154	103
155	127
156	143
157	148
158	157
159	168
160	164
161	170
162	174
163	171
164	177
165	195
166	193
167	206
168	205
169	203
170	188
171	194
172	192
173	207
174	171
175	175
176	185
177	183
178	164
179	200
180	173
181	154
182	190
183	180
184	156
185	148
186	147
187	111
188	138
189	159
190	133
191	138
192	152
193	139
194	153
195	124
196	116
197	86
198	108
199	108
200	141
201	122
202	119
203	95
204	108
205	120
206	128
207	103
208	119
209	95
210	114
211	114
212	113
213	102
214	84
215	86
216	92
217	114
218	82
219	100
220	99
221	90
222	77
223	79
224	73
225	83
226	97
227	58
228	80
229	73
230	78
231	83
232	64
233	79
234	59
235	70
236	73
237	90
238	62
239	62
240	67
241	69
242	67
243	60
244	69
245	67
246	64
247	57
248	92
249	72
250	60
251	76
252	68
253	54
254	56
255	56
256	48
257	45
258	49
259	45
260	45
261	61
262	46
263	51
264	58
265	39
266	54
267	51
268	41
269	41
270	39
271	59
272	65
273	53
274	45
275	45
276	50
277	46
278	60
279	45
280	56
281	48
282	56
283	51
284	45
285	41
286	48
287	43
288	43
289	39
290	57
291	50
292	48
293	50
294	44
295	45
296	42
297	51
298	48
299	46
300	44
301	46
302	35
303	46
304	47
305	56
306	46
307	44
308	35
309	44
310	39
311	50
312	37
313	54
314	40
315	44
316	52
317	41
318	52
319	49
320	34
321	51
322	49
323	48
324	36
325	35
326	47
327	36
328	42
329	43
330	48
331	47
332	51
333	58
334	37
335	47
336	38
337	46
338	41
339	48
340	45
341	45
342	43
343	62
344	48
345	51
346	42
347	41
348	60
349	55
350	46
351	31
352	57
353	40
354	60
355	43
356	59
357	67
358	49
359	54
360	49
361	51
362	53
363	60
364	45
365	51
366	37
367	49
368	55
369	61
370	37
371	41
372	46
373	49
374	44
375	38
376	57
377	27
378	38
379	43
380	35
381	46
382	43
383	34
384	45
385	36
386	31
387	45
388	36
389	33
390	41
391	37
392	31
393	45
394	24
395	25
396	36
397	34
398	36
399	42
400	31
401	26
402	35
403	22
404	26
405	37
406	29
407	28
408	29
409	26
410	33
411	22
412	24
413	24
414	24
415	24
416	27
417	12
418	21
419	20
420	19
421	17
422	25
423	26
424	22
425	24
426	17
427	19
428	29
429	16
430	16
431	19
432	15
433	17
434	15
435	27
436	19
437	15
438	7
439	22
440	18
441	14
442	17
443	16
444	17
445	19
446	16
447	15
448	14
449	11
450	13
451	18
452	15
453	21
454	16
455	17
456	12
457	14
458	13
459	12
460	10
461	16
462	14
463	16
464	8
465	14
466	12
467	6
468	14
469	12
470	12
471	13
472	16
473	12
474	12
475	19
476	9
477	14
478	14
479	10
480	13
481	13
482	14
483	13
484	13
485	10
486	16
487	9
488	10
489	13
490	16
491	10
492	12
493	12
494	12
495	17
496	10
497	11
498	15
499	12
500	10
501	17
502	14
503	7
504	3
505	10
506	9
507	16
508	17
509	15
510	13
511	23
512	8
513	17
514	9
515	20
516	16
517	14
518	8
519	15
520	16
521	8
522	11
523	15
524	11
525	13
526	11
527	10
528	16
529	12
530	10
531	13
532	11
533	13
534	12
535	11
536	7
537	10
538	8
539	16
540	12
541	18
542	22
543	17
544	12
545	9
546	9
547	5
548	11
549	9
550	13
551	12
552	10
553	6
554	7
555	11
556	16
557	11
558	13
559	11
560	4
561	13
562	16
563	10
564	10
565	13
566	6
567	12
568	9
569	18
570	5
571	5
572	9
573	4
574	9
575	8
576	12
577	8
578	13
579	6
580	6
581	7
582	6
583	2
584	8
585	3
586	6
587	2
588	6
589	6
590	6
591	6
592	4
593	1
594	4
595	6
596	2
597	4
598	1
599	1
600	3
601	2
602	1
603	1
604	1
605	1
606	1
608	1
609	2
611	1
613	2
614	2
615	1
619	1
620	1
623	1
625	3
636	1
637	1
638	1
642	2
646	1
659	1
675	1
682	1
683	1
688	1
689	1
698	1
716	1
719	1
728	1
738	1
740	1
742	1
746	1
750	1
753	1
758	1
767	1
803	2
806	1
811	1
816	1
826	1
832	1
837	1
839	1
846	1
851	1
852	1
864	1
867	2
873	1
875	1
882	1
888	1
895	1
906	1
922	1
936	1
937	2
939	2
943	1
955	1
961	1
974	1
986	1
1000	1
