#Mean	287.249
#Median	265
#Mode	181
#STDev	118.851
#PercentOfPairs	100.000
#InsertSize	Count
44	1
65	1
70	2
73	1
74	1
76	1
83	2
84	2
85	4
86	2
87	3
88	6
89	6
90	5
91	3
92	7
93	8
94	5
95	13
96	4
97	7
98	18
99	9
100	13
101	11
102	20
103	18
104	19
105	12
106	17
107	15
108	25
109	25
110	14
111	35
112	27
113	25
114	22
115	27
116	40
117	37
118	32
119	37
120	26
121	29
122	32
123	52
124	31
125	45
126	41
127	43
128	36
129	41
130	40
131	54
132	39
133	46
134	58
135	56
136	54
137	56
138	52
139	45
140	41
141	52
142	52
143	44
144	65
145	67
146	67
147	62
148	59
149	65
150	69
151	72
152	51
153	72
154	84
155	80
156	95
157	87
158	91
159	89
160	115
161	77
162	84
163	93
164	90
165	92
166	111
167	109
168	121
169	116
170	109
171	127
172	114
173	102
174	118
175	132
176	102
177	106
178	119
179	116
180	121
181	138
182	127
183	127
184	116
185	101
186	122
187	99
188	118
189	108
190	130
191	128
192	118
193	110
194	96
195	110
196	101
197	111
198	97
199	136
200	98
201	117
202	111
203	83
204	92
205	108
206	89
207	108
208	94
209	101
210	106
211	90
212	94
213	92
214	102
215	83
216	95
217	90
218	88
219	77
220	83
221	91
222	83
223	77
224	78
225	95
226	72
227	61
228	95
229	72
230	78
231	82
232	68
233	64
234	71
235	86
236	68
237	69
238	69
239	79
240	66
241	78
242	78
243	67
244	82
245	61
246	71
247	61
248	75
249	73
250	59
251	85
252	52
253	72
254	65
255	67
256	77
257	72
258	62
259	71
260	63
261	61
262	53
263	53
264	59
265	58
266	59
267	71
268	69
269	63
270	65
271	52
272	54
273	61
274	75
275	64
276	64
277	64
278	66
279	58
280	78
281	61
282	51
283	64
284	67
285	65
286	61
287	71
288	79
289	53
290	60
291	71
292	67
293	59
294	66
295	64
296	71
297	72
298	60
299	64
300	56
301	49
302	53
303	60
304	57
305	64
306	73
307	59
308	41
309	60
310	70
311	60
312	51
313	64
314	59
315	56
316	61
317	59
318	53
319	56
320	57
321	74
322	63
323	50
324	49
325	39
326	59
327	66
328	61
329	58
330	45
331	57
332	58
333	57
334	75
335	54
336	61
337	59
338	69
339	60
340	52
341	53
342	65
343	67
344	69
345	54
346	65
347	68
348	64
349	70
350	61
351	84
352	46
353	86
354	67
355	79
356	69
357	59
358	62
359	56
360	60
361	70
362	59
363	71
364	61
365	69
366	80
367	69
368	57
369	57
370	75
371	57
372	69
373	67
374	51
375	59
376	66
377	49
378	57
379	57
380	57
381	50
382	64
383	50
384	65
385	58
386	56
387	46
388	43
389	44
390	56
391	50
392	50
393	55
394	38
395	44
396	37
397	53
398	46
399	45
400	44
401	56
402	46
403	42
404	44
405	34
406	40
407	36
408	42
409	37
410	37
411	34
412	36
413	36
414	25
415	32
416	34
417	34
418	35
419	33
420	26
421	34
422	37
423	28
424	31
425	30
426	20
427	26
428	31
429	24
430	34
431	32
432	27
433	21
434	23
435	39
436	22
437	31
438	35
439	28
440	29
441	24
442	34
443	35
444	27
445	22
446	21
447	28
448	30
449	31
450	20
451	27
452	33
453	26
454	22
455	34
456	25
457	37
458	26
459	17
460	25
461	24
462	28
463	27
464	25
465	25
466	28
467	32
468	23
469	28
470	21
471	19
472	27
473	27
474	21
475	34
476	18
477	35
478	24
479	32
480	24
481	27
482	23
483	19
484	24
485	18
486	29
487	21
488	22
489	35
490	20
491	25
492	21
493	26
494	14
495	28
496	25
497	21
498	28
499	21
500	21
501	15
502	18
503	22
504	23
505	21
506	19
507	21
508	28
509	26
510	27
511	29
512	24
513	19
514	21
515	10
516	21
517	19
518	15
519	19
520	25
521	30
522	18
523	18
524	26
525	17
526	20
527	14
528	15
529	18
530	22
531	16
532	23
533	21
534	16
535	30
536	22
537	22
538	16
539	16
540	15
541	19
542	23
543	17
544	22
545	20
546	14
547	12
548	14
549	12
550	14
551	17
552	14
553	20
554	12
555	16
556	11
557	13
558	12
559	18
560	12
561	6
562	20
563	14
564	9
565	7
566	13
567	7
568	4
569	11
570	9
571	6
572	7
573	4
574	5
575	7
576	9
577	12
578	6
579	14
580	5
581	7
582	7
583	8
584	5
585	9
586	5
587	2
588	7
589	2
590	2
591	4
592	7
593	3
594	3
595	4
597	2
598	5
599	2
600	1
601	2
602	2
604	4
606	2
607	1
609	1
610	3
611	1
612	2
613	2
615	1
616	3
617	1
618	1
624	1
627	1
629	1
630	1
631	1
634	1
657	1
663	1
672	1
689	2
693	1
699	1
703	1
705	1
706	1
707	2
709	1
710	1
721	1
725	2
741	1
743	1
746	1
747	1
753	1
759	1
764	1
766	1
769	1
772	1
777	1
782	1
785	1
792	1
795	1
799	2
802	1
805	1
808	1
825	1
826	1
827	1
829	1
831	1
834	3
842	1
845	1
857	1
866	1
875	1
877	1
878	1
887	1
900	1
905	2
917	1
934	1
939	1
941	1
946	1
947	2
949	1
953	1
955	1
963	1
967	1
972	1
985	2
987	1
991	1
996	1
998	1
