#Mean	241.890
#Median	196
#Mode	167
#STDev	104.158
#PercentOfPairs	100.000
#InsertSize	Count
45	1
50	1
58	1
63	2
64	2
69	3
71	1
72	1
74	2
75	1
78	2
79	1
80	3
81	3
82	1
84	1
85	2
86	1
87	2
88	4
89	4
90	5
91	2
92	2
93	4
94	7
95	4
96	7
97	16
98	8
99	10
100	14
101	16
102	20
103	9
104	18
105	16
106	10
107	16
108	15
109	15
110	8
111	17
112	21
113	15
114	11
115	22
116	26
117	18
118	22
119	12
120	21
121	24
122	27
123	28
124	32
125	25
126	27
127	34
128	32
129	37
130	28
131	36
132	37
133	25
134	31
135	37
136	33
137	44
138	35
139	47
140	42
141	42
142	34
143	41
144	46
145	59
146	60
147	68
148	78
149	100
150	106
151	104
152	104
153	121
154	115
155	155
156	207
157	201
158	243
159	260
160	308
161	296
162	278
163	299
164	326
165	344
166	380
167	398
168	395
169	396
170	360
171	308
172	293
173	254
174	265
175	259
176	240
177	266
178	258
179	248
180	263
181	226
182	199
183	220
184	193
185	220
186	191
187	196
188	190
189	163
190	177
191	149
192	166
193	161
194	159
195	162
196	148
197	133
198	156
199	143
200	139
201	124
202	153
203	114
204	140
205	110
206	133
207	106
208	110
209	93
210	96
211	112
212	99
213	92
214	94
215	101
216	95
217	102
218	75
219	82
220	60
221	70
222	56
223	65
224	70
225	63
226	67
227	47
228	57
229	57
230	63
231	54
232	50
233	42
234	43
235	58
236	54
237	66
238	46
239	42
240	45
241	49
242	48
243	41
244	50
245	39
246	39
247	39
248	44
249	33
250	47
251	40
252	30
253	29
254	46
255	43
256	43
257	31
258	38
259	42
260	33
261	40
262	39
263	24
264	35
265	27
266	36
267	42
268	40
269	37
270	34
271	24
272	44
273	22
274	36
275	30
276	34
277	29
278	24
279	38
280	26
281	26
282	39
283	21
284	31
285	41
286	28
287	34
288	27
289	32
290	35
291	47
292	24
293	28
294	33
295	36
296	33
297	23
298	22
299	31
300	34
301	36
302	23
303	26
304	40
305	37
306	27
307	38
308	29
309	30
310	39
311	43
312	37
313	28
314	38
315	34
316	38
317	38
318	31
319	31
320	41
321	34
322	44
323	39
324	33
325	41
326	39
327	32
328	39
329	37
330	42
331	37
332	36
333	44
334	48
335	42
336	46
337	35
338	49
339	41
340	55
341	42
342	58
343	43
344	56
345	69
346	54
347	57
348	62
349	58
350	49
351	40
352	58
353	71
354	48
355	60
356	64
357	51
358	63
359	53
360	59
361	47
362	58
363	43
364	60
365	55
366	53
367	47
368	63
369	55
370	49
371	45
372	54
373	51
374	38
375	65
376	48
377	43
378	53
379	41
380	43
381	34
382	50
383	47
384	47
385	39
386	33
387	55
388	30
389	34
390	37
391	36
392	24
393	37
394	38
395	37
396	25
397	25
398	28
399	30
400	21
401	27
402	24
403	21
404	35
405	19
406	28
407	22
408	21
409	20
410	28
411	19
412	14
413	18
414	17
415	15
416	10
417	17
418	12
419	15
420	13
421	13
422	23
423	15
424	14
425	16
426	19
427	16
428	11
429	10
430	20
431	18
432	19
433	9
434	19
435	14
436	18
437	14
438	12
439	19
440	7
441	11
442	16
443	13
444	11
445	13
446	7
447	11
448	12
449	8
450	16
451	18
452	10
453	10
454	6
455	16
456	19
457	14
458	19
459	12
460	13
461	12
462	10
463	9
464	7
465	7
466	11
467	9
468	15
469	12
470	16
471	9
472	7
473	17
474	16
475	8
476	9
477	11
478	14
479	13
480	16
481	17
482	11
483	10
484	11
485	8
486	13
487	9
488	13
489	5
490	9
491	7
492	12
493	14
494	9
495	10
496	8
497	8
498	14
499	10
500	20
501	8
502	16
503	8
504	10
505	10
506	8
507	13
508	13
509	9
510	6
511	10
512	16
513	13
514	17
515	8
516	16
517	6
518	13
519	7
520	17
521	7
522	12
523	11
524	12
525	12
526	11
527	4
528	11
529	12
530	11
531	4
532	16
533	6
534	2
535	10
536	10
537	13
538	9
539	11
540	7
541	11
542	14
543	2
544	10
545	10
546	8
547	9
548	14
549	5
550	11
551	10
552	9
553	8
554	11
555	8
556	5
557	10
558	9
559	8
560	5
561	1
562	5
563	10
564	4
565	4
566	2
567	15
568	4
569	5
570	4
571	5
572	9
573	9
574	4
575	5
576	8
577	3
578	3
579	8
580	5
581	3
582	6
583	2
584	3
585	4
586	1
587	1
588	5
589	2
590	1
591	2
592	2
593	1
594	3
595	3
596	1
597	3
599	1
600	1
601	1
602	2
603	2
605	2
608	1
609	1
619	1
626	1
631	1
682	1
697	1
712	1
717	1
720	1
781	1
805	1
815	1
823	1
826	1
849	1
852	1
881	1
885	1
898	1
911	1
912	1
926	1
951	1
987	1
992	1
