#Mean	232.575
#Median	214
#Mode	174
#STDev	89.985
#PercentOfPairs	100.000
#InsertSize	Count
30	1
31	1
32	1
34	1
35	1
36	1
41	2
43	3
46	2
48	1
51	2
53	1
54	1
55	1
56	1
58	1
60	2
61	2
62	1
64	1
65	3
66	1
67	2
71	1
73	2
74	3
75	1
76	1
77	3
78	6
79	9
80	4
81	3
82	6
83	3
84	5
85	10
86	11
87	8
88	9
89	11
90	11
91	14
92	16
93	21
94	19
95	14
96	22
97	23
98	30
99	17
100	34
101	36
102	33
103	43
104	39
105	42
106	45
107	30
108	44
109	45
110	41
111	50
112	53
113	51
114	52
115	68
116	51
117	63
118	73
119	61
120	67
121	86
122	84
123	69
124	70
125	70
126	90
127	77
128	90
129	103
130	96
131	77
132	78
133	80
134	89
135	100
136	98
137	83
138	95
139	108
140	95
141	116
142	98
143	74
144	116
145	116
146	116
147	110
148	121
149	109
150	108
151	137
152	83
153	129
154	123
155	107
156	136
157	120
158	113
159	118
160	107
161	107
162	148
163	140
164	142
165	135
166	142
167	136
168	147
169	153
170	128
171	137
172	159
173	149
174	166
175	142
176	129
177	150
178	135
179	138
180	131
181	150
182	120
183	144
184	130
185	134
186	123
187	148
188	125
189	128
190	134
191	133
192	148
193	141
194	115
195	124
196	114
197	117
198	136
199	111
200	124
201	135
202	124
203	121
204	132
205	94
206	136
207	116
208	126
209	108
210	140
211	127
212	122
213	121
214	103
215	96
216	131
217	130
218	99
219	126
220	115
221	84
222	112
223	127
224	95
225	105
226	104
227	108
228	117
229	98
230	125
231	119
232	99
233	115
234	120
235	121
236	93
237	108
238	114
239	90
240	91
241	110
242	87
243	104
244	119
245	109
246	90
247	104
248	87
249	88
250	82
251	89
252	93
253	87
254	83
255	91
256	94
257	86
258	88
259	83
260	84
261	99
262	84
263	72
264	67
265	87
266	74
267	70
268	69
269	79
270	89
271	75
272	80
273	78
274	60
275	72
276	70
277	76
278	58
279	70
280	91
281	71
282	69
283	61
284	71
285	63
286	58
287	64
288	62
289	57
290	54
291	72
292	69
293	52
294	49
295	43
296	50
297	68
298	54
299	54
300	58
301	73
302	53
303	58
304	51
305	35
306	53
307	44
308	47
309	49
310	50
311	57
312	63
313	70
314	41
315	36
316	47
317	45
318	51
319	46
320	47
321	57
322	51
323	37
324	40
325	45
326	35
327	38
328	33
329	33
330	45
331	28
332	41
333	44
334	37
335	45
336	34
337	40
338	38
339	38
340	28
341	27
342	54
343	46
344	49
345	38
346	46
347	30
348	33
349	39
350	30
351	24
352	31
353	25
354	25
355	28
356	37
357	23
358	35
359	26
360	30
361	27
362	26
363	32
364	25
365	35
366	30
367	27
368	28
369	39
370	34
371	19
372	35
373	25
374	20
375	26
376	28
377	28
378	18
379	35
380	27
381	23
382	30
383	27
384	21
385	24
386	27
387	36
388	20
389	26
390	31
391	31
392	11
393	20
394	26
395	18
396	26
397	21
398	12
399	18
400	20
401	4
402	19
403	26
404	12
405	34
406	29
407	15
408	20
409	16
410	21
411	18
412	18
413	20
414	16
415	20
416	18
417	9
418	16
419	13
420	24
421	19
422	17
423	12
424	22
425	21
426	15
427	17
428	13
429	13
430	14
431	17
432	11
433	19
434	15
435	15
436	12
437	7
438	14
439	13
440	9
441	15
442	10
443	12
444	8
445	15
446	12
447	18
448	11
449	15
450	13
451	12
452	11
453	7
454	10
455	9
456	12
457	12
458	11
459	9
460	8
461	7
462	8
463	23
464	13
465	8
466	16
467	9
468	5
469	6
470	10
471	6
472	6
473	5
474	7
475	6
476	8
477	10
478	8
479	7
480	7
481	10
482	7
483	8
484	9
485	6
486	5
487	4
488	6
489	10
490	5
491	7
492	6
493	3
494	3
495	5
496	4
497	3
498	5
499	13
500	3
501	8
502	5
503	6
504	9
505	2
506	6
507	3
508	2
509	7
510	5
511	8
512	3
513	7
514	7
515	5
517	2
518	3
519	4
520	3
521	7
522	3
523	3
524	6
525	6
526	4
527	6
528	9
529	4
530	5
531	3
532	1
533	5
534	1
535	4
536	3
537	4
539	2
540	3
541	1
542	4
543	6
544	3
545	3
546	3
547	6
548	2
549	4
550	2
551	1
552	2
553	3
554	2
555	1
556	1
558	3
559	3
560	1
562	1
564	3
566	3
567	3
568	2
569	1
570	3
572	1
573	1
574	1
575	2
577	1
578	1
579	2
581	2
583	2
584	2
585	1
586	1
587	1
590	2
593	1
594	2
595	1
596	3
597	1
609	1
618	2
655	1
