#Mean	238.789
#Median	191
#Mode	168
#STDev	102.853
#PercentOfPairs	100.000
#InsertSize	Count
52	1
56	1
63	1
65	2
66	1
70	1
73	1
74	1
76	1
78	1
79	1
82	4
83	1
85	1
86	1
88	2
89	5
90	4
91	3
92	4
93	6
94	3
95	2
96	5
97	3
98	9
99	4
100	5
101	8
102	17
103	14
104	12
105	9
106	9
107	15
108	4
109	9
110	13
111	15
112	12
113	14
114	13
115	14
116	10
117	14
118	12
119	17
120	10
121	15
122	12
123	19
124	11
125	28
126	16
127	16
128	23
129	20
130	23
131	18
132	16
133	22
134	19
135	26
136	30
137	28
138	24
139	30
140	29
141	33
142	34
143	29
144	31
145	39
146	64
147	74
148	84
149	86
150	116
151	112
152	140
153	123
154	144
155	187
156	210
157	226
158	286
159	357
160	341
161	381
162	370
163	395
164	362
165	443
166	411
167	463
168	491
169	419
170	404
171	367
172	320
173	297
174	272
175	275
176	264
177	254
178	270
179	271
180	237
181	230
182	264
183	232
184	204
185	207
186	191
187	203
188	199
189	185
190	194
191	196
192	180
193	137
194	156
195	147
196	146
197	156
198	136
199	122
200	140
201	147
202	127
203	133
204	104
205	125
206	105
207	97
208	83
209	95
210	102
211	105
212	77
213	102
214	77
215	84
216	80
217	80
218	81
219	71
220	64
221	63
222	71
223	77
224	57
225	68
226	66
227	55
228	50
229	50
230	52
231	51
232	50
233	52
234	49
235	42
236	42
237	61
238	36
239	38
240	54
241	48
242	47
243	47
244	43
245	38
246	40
247	37
248	28
249	48
250	37
251	26
252	34
253	39
254	35
255	29
256	33
257	25
258	36
259	15
260	31
261	36
262	28
263	28
264	20
265	36
266	31
267	43
268	36
269	36
270	25
271	25
272	28
273	25
274	25
275	23
276	28
277	28
278	32
279	37
280	21
281	23
282	27
283	22
284	35
285	25
286	24
287	29
288	23
289	21
290	24
291	32
292	21
293	22
294	26
295	23
296	28
297	35
298	27
299	26
300	38
301	28
302	26
303	26
304	25
305	33
306	33
307	27
308	36
309	28
310	34
311	36
312	37
313	32
314	36
315	41
316	33
317	27
318	32
319	34
320	45
321	30
322	37
323	46
324	32
325	31
326	41
327	30
328	43
329	34
330	35
331	30
332	50
333	49
334	34
335	50
336	48
337	50
338	41
339	45
340	57
341	48
342	51
343	57
344	52
345	54
346	52
347	58
348	52
349	52
350	56
351	38
352	55
353	58
354	51
355	64
356	56
357	67
358	63
359	59
360	64
361	63
362	58
363	58
364	52
365	46
366	59
367	58
368	63
369	41
370	48
371	47
372	59
373	45
374	64
375	57
376	61
377	52
378	44
379	28
380	39
381	48
382	46
383	40
384	37
385	36
386	43
387	42
388	29
389	38
390	29
391	31
392	28
393	29
394	34
395	23
396	27
397	31
398	26
399	19
400	19
401	23
402	30
403	22
404	24
405	28
406	22
407	17
408	16
409	28
410	17
411	16
412	22
413	16
414	15
415	18
416	16
417	15
418	18
419	12
420	12
421	12
422	14
423	8
424	11
425	19
426	11
427	11
428	15
429	15
430	10
431	13
432	15
433	10
434	14
435	6
436	14
437	7
438	14
439	6
440	15
441	12
442	10
443	9
444	9
445	15
446	16
447	4
448	12
449	11
450	14
451	12
452	19
453	11
454	5
455	9
456	10
457	8
458	10
459	17
460	14
461	11
462	6
463	14
464	12
465	10
466	7
467	10
468	11
469	10
470	10
471	10
472	2
473	12
474	16
475	8
476	6
477	14
478	7
479	9
480	13
481	16
482	8
483	12
484	11
485	5
486	11
487	10
488	11
489	13
490	12
491	7
492	15
493	6
494	13
495	7
496	16
497	9
498	14
499	10
500	19
501	14
502	11
503	13
504	13
505	10
506	10
507	8
508	11
509	13
510	10
511	14
512	10
513	10
514	13
515	9
516	8
517	8
518	14
519	11
520	17
521	12
522	11
523	9
524	19
525	9
526	10
527	10
528	16
529	14
530	11
531	7
532	11
533	7
534	11
535	9
536	15
537	7
538	9
539	8
540	7
541	10
542	10
543	10
544	11
545	8
546	9
547	10
548	13
549	7
550	12
551	12
552	9
553	7
554	5
555	14
556	7
557	2
558	8
559	8
560	5
561	5
562	12
563	4
564	6
565	3
566	7
567	4
568	3
569	7
570	4
571	5
572	2
573	4
574	7
575	3
576	3
577	9
578	4
579	4
580	6
581	3
582	3
583	4
584	4
585	3
586	3
587	4
588	5
589	1
590	6
591	1
592	1
593	3
595	2
596	2
598	1
599	3
600	2
601	1
602	2
603	1
607	1
609	2
610	2
611	1
616	1
626	2
673	1
683	1
690	1
698	1
705	1
709	1
711	1
723	1
745	1
833	1
844	1
854	1
864	1
867	1
868	1
882	1
905	1
924	1
956	1
992	1
997	1
