#Mean	298.848
#Median	281
#Mode	271
#STDev	112.072
#PercentOfPairs	100.000
#InsertSize	Count
59	1
60	1
61	1
68	1
70	1
72	2
73	1
74	1
75	2
76	1
77	2
78	2
79	1
80	1
81	1
82	3
84	3
85	2
86	3
87	1
88	6
89	6
90	3
91	6
92	10
93	3
95	7
96	2
97	7
98	12
99	1
100	10
101	8
102	16
103	7
104	14
105	10
106	8
107	7
108	13
109	8
110	15
111	15
112	17
113	20
114	15
115	17
116	10
117	19
118	22
119	17
120	26
121	19
122	19
123	28
124	23
125	31
126	15
127	24
128	34
129	24
130	27
131	26
132	32
133	30
134	33
135	50
136	43
137	40
138	39
139	48
140	40
141	32
142	31
143	50
144	44
145	50
146	49
147	44
148	54
149	53
150	65
151	52
152	45
153	52
154	64
155	59
156	67
157	52
158	43
159	49
160	60
161	68
162	60
163	60
164	59
165	58
166	69
167	65
168	59
169	68
170	57
171	75
172	65
173	62
174	81
175	65
176	83
177	81
178	83
179	78
180	81
181	85
182	67
183	75
184	80
185	70
186	60
187	79
188	98
189	74
190	81
191	80
192	71
193	75
194	96
195	80
196	76
197	81
198	83
199	75
200	101
201	80
202	78
203	82
204	96
205	112
206	98
207	80
208	92
209	101
210	90
211	101
212	84
213	95
214	97
215	100
216	93
217	100
218	96
219	96
220	91
221	89
222	99
223	96
224	94
225	77
226	99
227	90
228	105
229	94
230	87
231	107
232	93
233	90
234	106
235	106
236	100
237	98
238	67
239	109
240	92
241	96
242	96
243	94
244	83
245	94
246	101
247	99
248	107
249	92
250	84
251	106
252	97
253	96
254	65
255	99
256	108
257	82
258	83
259	98
260	96
261	94
262	103
263	98
264	81
265	95
266	70
267	101
268	72
269	80
270	97
271	118
272	91
273	73
274	90
275	99
276	82
277	81
278	78
279	91
280	90
281	103
282	100
283	87
284	86
285	81
286	90
287	77
288	72
289	84
290	84
291	101
292	84
293	78
294	86
295	77
296	88
297	71
298	82
299	74
300	89
301	62
302	83
303	82
304	71
305	76
306	61
307	84
308	82
309	85
310	70
311	72
312	75
313	81
314	70
315	88
316	84
317	68
318	91
319	83
320	86
321	74
322	74
323	65
324	72
325	77
326	75
327	67
328	71
329	68
330	57
331	62
332	53
333	68
334	65
335	62
336	74
337	71
338	69
339	68
340	67
341	75
342	62
343	51
344	56
345	51
346	65
347	65
348	56
349	56
350	54
351	51
352	59
353	65
354	50
355	53
356	41
357	64
358	62
359	65
360	49
361	45
362	61
363	49
364	56
365	67
366	45
367	57
368	60
369	53
370	55
371	63
372	62
373	29
374	39
375	54
376	61
377	52
378	53
379	51
380	34
381	53
382	49
383	59
384	43
385	52
386	37
387	42
388	45
389	66
390	43
391	41
392	41
393	38
394	48
395	53
396	42
397	43
398	33
399	54
400	39
401	41
402	44
403	43
404	47
405	40
406	44
407	41
408	46
409	43
410	38
411	37
412	31
413	40
414	49
415	48
416	34
417	26
418	33
419	38
420	35
421	35
422	40
423	38
424	38
425	46
426	36
427	35
428	38
429	31
430	30
431	52
432	36
433	27
434	46
435	42
436	34
437	39
438	25
439	36
440	28
441	41
442	27
443	27
444	40
445	30
446	28
447	39
448	28
449	38
450	26
451	31
452	23
453	34
454	28
455	22
456	37
457	29
458	28
459	36
460	24
461	38
462	26
463	30
464	20
465	26
466	24
467	33
468	27
469	29
470	28
471	22
472	27
473	23
474	24
475	22
476	27
477	28
478	24
479	23
480	33
481	25
482	26
483	25
484	27
485	16
486	25
487	16
488	24
489	24
490	38
491	18
492	24
493	37
494	30
495	16
496	26
497	19
498	19
499	27
500	24
501	22
502	27
503	23
504	24
505	18
506	20
507	25
508	28
509	15
510	20
511	24
512	19
513	15
514	19
515	27
516	14
517	23
518	16
519	12
520	19
521	20
522	20
523	19
524	13
525	26
526	15
527	25
528	25
529	15
530	21
531	17
532	16
533	10
534	14
535	25
536	11
537	17
538	13
539	22
540	12
541	11
542	19
543	12
544	16
545	11
546	23
547	13
548	9
549	8
550	12
551	11
552	5
553	16
554	8
555	13
556	18
557	11
558	8
559	12
560	6
561	8
562	7
563	7
564	8
565	11
566	11
567	6
568	9
569	16
570	5
571	11
572	7
573	6
574	11
575	9
576	8
577	9
578	8
579	3
580	5
581	10
582	6
583	11
584	5
585	7
586	6
587	8
588	7
589	9
590	10
591	10
592	7
593	7
594	7
595	14
596	5
597	8
598	6
599	8
600	5
601	9
602	7
603	7
604	4
605	12
606	9
607	7
608	4
609	5
610	6
611	10
612	6
613	3
614	8
615	5
616	5
617	2
618	6
619	4
620	1
621	3
622	1
623	1
624	3
625	7
626	3
627	3
628	1
629	2
630	5
631	5
632	1
633	2
634	2
635	6
636	2
637	6
638	2
640	2
641	1
642	1
643	1
645	1
646	1
647	2
650	1
651	2
653	2
656	2
657	1
658	1
659	1
660	1
666	1
669	1
686	1
699	1
729	1
748	1
