#Mean	264.473
#Median	234
#Mode	185
#STDev	118.937
#PercentOfPairs	100.000
#InsertSize	Count
36	1
41	1
50	1
55	1
56	2
58	1
59	1
61	1
64	1
67	2
68	1
69	1
70	2
71	2
72	2
73	3
74	8
75	5
76	5
77	2
78	4
79	4
80	8
81	6
82	7
83	6
84	11
85	11
86	13
87	11
88	7
89	8
90	13
91	13
92	18
93	18
94	15
95	10
96	16
97	15
98	24
99	21
100	26
101	19
102	41
103	29
104	32
105	39
106	33
107	40
108	46
109	35
110	41
111	35
112	47
113	51
114	45
115	39
116	44
117	49
118	58
119	52
120	57
121	54
122	61
123	59
124	67
125	76
126	65
127	66
128	79
129	76
130	76
131	76
132	77
133	70
134	71
135	74
136	75
137	100
138	90
139	83
140	90
141	89
142	81
143	97
144	83
145	104
146	97
147	111
148	102
149	86
150	97
151	110
152	101
153	106
154	111
155	111
156	94
157	123
158	110
159	86
160	101
161	104
162	108
163	123
164	117
165	109
166	103
167	116
168	115
169	106
170	115
171	113
172	99
173	105
174	100
175	113
176	99
177	110
178	99
179	120
180	123
181	111
182	116
183	120
184	111
185	130
186	109
187	105
188	99
189	103
190	116
191	121
192	103
193	113
194	122
195	103
196	114
197	109
198	123
199	122
200	115
201	112
202	116
203	117
204	95
205	105
206	101
207	118
208	100
209	91
210	120
211	100
212	117
213	97
214	106
215	89
216	88
217	106
218	113
219	106
220	92
221	121
222	105
223	102
224	92
225	108
226	80
227	99
228	83
229	95
230	115
231	91
232	93
233	93
234	90
235	107
236	94
237	102
238	78
239	106
240	82
241	87
242	78
243	101
244	66
245	70
246	69
247	91
248	76
249	61
250	92
251	73
252	71
253	92
254	72
255	76
256	81
257	59
258	71
259	90
260	59
261	90
262	68
263	84
264	72
265	56
266	80
267	60
268	66
269	69
270	76
271	81
272	66
273	61
274	71
275	84
276	59
277	69
278	61
279	67
280	54
281	60
282	77
283	60
284	60
285	60
286	68
287	56
288	68
289	68
290	59
291	59
292	62
293	57
294	68
295	54
296	58
297	57
298	55
299	48
300	56
301	49
302	50
303	46
304	46
305	51
306	56
307	52
308	41
309	51
310	52
311	50
312	57
313	48
314	53
315	71
316	62
317	69
318	47
319	49
320	45
321	36
322	47
323	49
324	42
325	47
326	59
327	48
328	45
329	40
330	46
331	39
332	44
333	48
334	45
335	31
336	45
337	41
338	43
339	47
340	49
341	50
342	47
343	48
344	49
345	50
346	39
347	38
348	48
349	30
350	43
351	38
352	44
353	34
354	41
355	45
356	35
357	36
358	36
359	47
360	39
361	47
362	43
363	32
364	33
365	41
366	39
367	26
368	29
369	38
370	31
371	30
372	34
373	40
374	34
375	30
376	35
377	39
378	47
379	38
380	27
381	32
382	29
383	34
384	36
385	33
386	43
387	24
388	32
389	31
390	30
391	34
392	37
393	33
394	30
395	32
396	30
397	29
398	30
399	34
400	28
401	26
402	34
403	25
404	27
405	34
406	27
407	26
408	30
409	33
410	27
411	23
412	23
413	26
414	29
415	41
416	25
417	25
418	27
419	30
420	23
421	24
422	26
423	22
424	30
425	24
426	28
427	29
428	23
429	32
430	29
431	30
432	20
433	22
434	27
435	19
436	12
437	22
438	20
439	26
440	27
441	21
442	21
443	20
444	16
445	20
446	23
447	20
448	22
449	21
450	15
451	24
452	21
453	32
454	17
455	25
456	20
457	24
458	14
459	24
460	19
461	26
462	23
463	19
464	15
465	14
466	25
467	24
468	15
469	23
470	15
471	16
472	13
473	16
474	20
475	19
476	26
477	23
478	22
479	12
480	13
481	12
482	15
483	15
484	21
485	19
486	22
487	29
488	23
489	21
490	16
491	20
492	13
493	17
494	17
495	23
496	16
497	13
498	21
499	19
500	18
501	21
502	13
503	20
504	11
505	19
506	16
507	16
508	12
509	12
510	11
511	14
512	12
513	8
514	22
515	20
516	16
517	18
518	9
519	15
520	15
521	14
522	19
523	19
524	12
525	9
526	19
527	14
528	13
529	12
530	8
531	15
532	14
533	11
534	14
535	13
536	14
537	13
538	10
539	14
540	17
541	11
542	11
543	12
544	11
545	14
546	11
547	13
548	15
549	10
550	15
551	13
552	8
553	11
554	14
555	17
556	5
557	14
558	7
559	18
560	14
561	6
562	11
563	13
564	11
565	15
566	10
567	9
568	17
569	10
570	10
571	6
572	10
573	11
574	11
575	5
576	7
577	9
578	6
579	9
580	10
581	14
582	10
583	11
584	9
585	11
586	7
587	6
588	6
589	8
590	7
591	6
592	10
593	8
594	8
595	8
596	9
597	4
598	9
599	4
600	5
601	5
602	6
603	4
604	5
605	8
606	9
607	6
608	11
609	5
610	7
611	5
612	4
613	6
614	5
615	7
616	1
617	5
618	4
619	2
620	4
621	2
622	2
623	5
624	6
625	1
626	6
627	5
628	1
629	4
630	3
631	1
632	2
633	1
634	2
635	1
636	2
637	3
638	2
639	4
641	3
644	2
646	2
647	3
648	3
649	1
652	3
654	1
655	1
656	1
659	1
661	1
671	1
672	1
674	1
680	1
686	1
688	1
692	1
703	1
715	1
726	1
729	1
754	1
769	1
822	1
837	1
860	1
867	1
874	1
889	1
919	1
939	1
947	1
953	1
954	1
958	1
983	1
997	1
