#Mean	231.857
#Median	205
#Mode	162
#STDev	103.892
#PercentOfPairs	100.000
#InsertSize	Count
42	1
48	1
56	1
58	1
59	1
60	1
61	3
62	1
64	2
65	1
67	4
68	2
69	5
70	4
71	4
72	4
73	5
74	3
75	8
76	4
77	5
78	9
79	11
80	9
81	15
82	11
83	13
84	11
85	20
86	13
87	21
88	23
89	23
90	29
91	23
92	23
93	26
94	27
95	32
96	39
97	32
98	35
99	43
100	40
101	36
102	35
103	32
104	62
105	44
106	46
107	52
108	56
109	60
110	65
111	59
112	78
113	59
114	67
115	73
116	71
117	66
118	74
119	82
120	82
121	84
122	73
123	83
124	91
125	116
126	94
127	85
128	97
129	97
130	104
131	105
132	101
133	94
134	99
135	103
136	107
137	103
138	120
139	123
140	115
141	89
142	124
143	125
144	115
145	121
146	129
147	127
148	124
149	144
150	118
151	131
152	136
153	133
154	124
155	141
156	141
157	138
158	153
159	124
160	135
161	118
162	164
163	140
164	148
165	140
166	119
167	156
168	155
169	141
170	117
171	136
172	136
173	122
174	132
175	134
176	146
177	149
178	144
179	150
180	148
181	131
182	125
183	140
184	124
185	154
186	141
187	159
188	149
189	138
190	137
191	122
192	147
193	149
194	127
195	126
196	130
197	123
198	126
199	140
200	133
201	124
202	141
203	116
204	129
205	141
206	115
207	114
208	118
209	111
210	99
211	126
212	102
213	92
214	126
215	121
216	123
217	117
218	114
219	93
220	104
221	106
222	100
223	103
224	93
225	99
226	125
227	111
228	99
229	96
230	101
231	96
232	99
233	97
234	91
235	102
236	103
237	91
238	103
239	92
240	63
241	89
242	92
243	86
244	85
245	95
246	74
247	95
248	85
249	80
250	74
251	86
252	76
253	76
254	69
255	73
256	72
257	76
258	72
259	80
260	80
261	76
262	66
263	65
264	84
265	67
266	77
267	59
268	71
269	65
270	60
271	57
272	59
273	65
274	53
275	48
276	60
277	63
278	50
279	64
280	63
281	55
282	57
283	62
284	46
285	49
286	44
287	50
288	49
289	60
290	57
291	41
292	44
293	59
294	52
295	54
296	59
297	39
298	53
299	55
300	40
301	51
302	56
303	49
304	40
305	47
306	62
307	35
308	32
309	43
310	41
311	45
312	42
313	44
314	42
315	48
316	41
317	47
318	34
319	39
320	40
321	34
322	34
323	42
324	25
325	44
326	33
327	33
328	33
329	28
330	27
331	39
332	27
333	35
334	32
335	42
336	37
337	34
338	39
339	36
340	32
341	44
342	29
343	27
344	22
345	22
346	24
347	34
348	27
349	40
350	26
351	30
352	34
353	30
354	29
355	31
356	26
357	28
358	26
359	31
360	16
361	32
362	26
363	19
364	26
365	18
366	17
367	24
368	23
369	24
370	22
371	25
372	19
373	19
374	20
375	25
376	21
377	26
378	15
379	22
380	24
381	22
382	14
383	26
384	18
385	22
386	18
387	27
388	33
389	21
390	19
391	20
392	23
393	19
394	13
395	26
396	15
397	22
398	9
399	25
400	14
401	15
402	11
403	16
404	18
405	13
406	18
407	16
408	15
409	12
410	18
411	13
412	21
413	11
414	26
415	16
416	16
417	14
418	14
419	11
420	8
421	14
422	21
423	8
424	12
425	18
426	16
427	17
428	18
429	12
430	14
431	15
432	18
433	14
434	18
435	20
436	12
437	12
438	12
439	13
440	15
441	11
442	14
443	13
444	14
445	15
446	5
447	8
448	6
449	9
450	13
451	12
452	10
453	10
454	11
455	17
456	7
457	13
458	7
459	12
460	12
461	11
462	9
463	24
464	11
465	12
466	9
467	11
468	11
469	10
470	15
471	15
472	14
473	12
474	3
475	12
476	8
477	10
478	6
479	8
480	11
481	12
482	6
483	12
484	9
485	7
486	13
487	11
488	9
489	16
490	8
491	4
492	10
493	11
494	11
495	9
496	11
497	12
498	3
499	11
500	9
501	4
502	9
503	5
504	7
505	6
506	5
507	7
508	6
509	4
510	3
511	10
512	8
513	4
514	11
515	10
516	9
517	5
518	10
519	13
520	4
521	7
522	14
523	11
524	11
525	7
526	10
527	4
528	6
529	8
530	8
531	7
532	4
533	6
534	11
535	6
536	4
537	6
538	8
539	9
540	6
541	9
542	4
543	11
544	6
545	3
546	5
547	4
548	8
549	8
550	6
551	5
552	5
553	1
554	4
555	4
556	4
557	5
558	9
559	3
560	8
561	5
562	4
563	9
564	4
565	5
566	14
567	3
568	6
569	7
570	10
571	3
572	3
573	7
574	11
575	4
576	1
577	5
578	2
579	6
580	6
581	7
582	6
583	3
584	5
585	5
586	4
587	7
588	6
589	3
590	2
591	5
592	7
593	3
594	2
595	4
596	4
597	1
598	4
599	2
600	6
601	3
602	2
603	2
604	2
605	2
606	5
607	2
608	1
609	2
610	1
611	2
612	3
613	1
614	2
615	1
616	3
617	2
618	4
619	1
620	4
621	3
622	2
623	1
624	2
625	2
626	1
627	1
629	2
630	5
631	1
632	1
633	1
635	1
636	2
640	3
642	1
643	2
644	2
645	2
649	1
650	1
654	2
657	3
658	1
659	1
668	1
673	1
678	1
691	1
693	1
712	1
713	1
714	1
770	1
786	1
797	1
805	1
823	1
825	1
851	1
877	1
881	1
902	1
910	1
911	1
923	1
929	1
948	2
953	1
959	1
963	1
971	1
978	1
