#Mean	291.304
#Median	264
#Mode	224
#STDev	124.315
#PercentOfPairs	100.000
#InsertSize	Count
46	1
52	1
54	1
57	1
61	1
63	1
64	2
67	2
69	1
70	3
72	1
73	4
74	5
75	1
76	3
77	2
78	2
79	2
80	5
81	4
82	4
83	5
84	4
85	6
86	5
87	5
88	14
89	4
90	8
91	8
92	3
93	12
94	8
95	11
96	12
97	10
98	11
99	18
100	16
101	16
102	17
103	17
104	21
105	22
106	29
107	16
108	19
109	27
110	28
111	33
112	25
113	28
114	19
115	25
116	26
117	36
118	33
119	37
120	29
121	38
122	35
123	41
124	47
125	50
126	43
127	33
128	36
129	43
130	42
131	53
132	41
133	59
134	47
135	55
136	69
137	56
138	66
139	52
140	53
141	50
142	64
143	75
144	72
145	65
146	60
147	80
148	74
149	72
150	64
151	84
152	69
153	79
154	59
155	88
156	74
157	75
158	77
159	74
160	85
161	88
162	99
163	86
164	89
165	93
166	64
167	90
168	92
169	93
170	94
171	105
172	107
173	92
174	92
175	82
176	94
177	88
178	96
179	96
180	101
181	102
182	89
183	106
184	101
185	96
186	86
187	73
188	86
189	100
190	99
191	114
192	88
193	93
194	92
195	90
196	90
197	95
198	117
199	101
200	97
201	91
202	98
203	88
204	97
205	95
206	111
207	109
208	91
209	101
210	84
211	97
212	76
213	85
214	90
215	112
216	104
217	79
218	109
219	103
220	100
221	98
222	99
223	96
224	125
225	110
226	101
227	91
228	103
229	96
230	73
231	85
232	79
233	107
234	81
235	74
236	83
237	76
238	84
239	81
240	76
241	84
242	93
243	90
244	76
245	98
246	82
247	73
248	82
249	90
250	86
251	79
252	86
253	102
254	83
255	71
256	80
257	93
258	81
259	86
260	68
261	84
262	66
263	84
264	64
265	80
266	102
267	63
268	61
269	71
270	91
271	53
272	75
273	80
274	79
275	82
276	79
277	73
278	65
279	58
280	54
281	78
282	67
283	64
284	70
285	72
286	61
287	63
288	72
289	58
290	71
291	80
292	67
293	55
294	64
295	69
296	63
297	69
298	63
299	80
300	60
301	63
302	72
303	45
304	70
305	69
306	66
307	54
308	55
309	52
310	65
311	48
312	56
313	55
314	65
315	53
316	70
317	59
318	61
319	46
320	74
321	65
322	50
323	49
324	53
325	62
326	48
327	65
328	54
329	56
330	51
331	56
332	53
333	49
334	51
335	54
336	61
337	42
338	28
339	65
340	65
341	61
342	57
343	47
344	49
345	58
346	57
347	43
348	52
349	52
350	41
351	43
352	69
353	56
354	41
355	52
356	35
357	50
358	51
359	39
360	46
361	42
362	46
363	49
364	58
365	40
366	50
367	43
368	46
369	62
370	44
371	40
372	44
373	45
374	42
375	49
376	43
377	45
378	58
379	37
380	45
381	40
382	31
383	43
384	40
385	40
386	42
387	39
388	41
389	43
390	38
391	42
392	39
393	35
394	28
395	45
396	43
397	39
398	43
399	29
400	36
401	49
402	37
403	44
404	33
405	38
406	43
407	37
408	45
409	27
410	33
411	46
412	43
413	28
414	30
415	47
416	39
417	43
418	35
419	36
420	38
421	33
422	30
423	32
424	31
425	36
426	24
427	34
428	40
429	46
430	33
431	34
432	35
433	29
434	42
435	27
436	32
437	36
438	31
439	33
440	25
441	31
442	35
443	28
444	19
445	36
446	28
447	27
448	31
449	32
450	22
451	40
452	35
453	27
454	31
455	27
456	21
457	21
458	29
459	21
460	31
461	31
462	24
463	30
464	38
465	23
466	28
467	30
468	30
469	26
470	26
471	20
472	33
473	28
474	30
475	23
476	34
477	31
478	18
479	17
480	31
481	25
482	31
483	27
484	26
485	16
486	22
487	18
488	21
489	17
490	36
491	28
492	21
493	15
494	21
495	22
496	25
497	24
498	25
499	27
500	24
501	16
502	27
503	19
504	22
505	21
506	18
507	13
508	24
509	20
510	15
511	21
512	27
513	21
514	17
515	16
516	20
517	16
518	13
519	20
520	21
521	17
522	24
523	19
524	17
525	14
526	24
527	21
528	14
529	22
530	29
531	19
532	19
533	11
534	25
535	21
536	17
537	22
538	21
539	22
540	13
541	20
542	17
543	20
544	19
545	15
546	22
547	14
548	19
549	18
550	18
551	12
552	12
553	15
554	13
555	18
556	23
557	23
558	16
559	15
560	19
561	17
562	14
563	23
564	17
565	10
566	14
567	12
568	11
569	12
570	22
571	14
572	13
573	15
574	11
575	13
576	16
577	14
578	10
579	10
580	13
581	4
582	19
583	10
584	9
585	8
586	8
587	11
588	11
589	12
590	9
591	14
592	22
593	12
594	16
595	8
596	7
597	17
598	6
599	12
600	8
601	4
602	8
603	11
604	7
605	13
606	11
607	3
608	6
609	9
610	12
611	13
612	5
613	10
614	6
615	4
616	9
617	5
618	4
619	7
620	6
621	6
622	13
623	8
624	8
625	2
626	6
627	5
628	5
629	5
630	4
631	7
632	5
633	2
634	8
635	8
636	3
637	5
638	3
639	2
640	4
641	4
642	7
643	4
644	1
645	6
646	2
648	3
649	2
651	3
652	2
653	1
654	3
655	1
656	1
657	4
658	2
660	2
662	1
663	1
665	1
667	3
668	1
670	1
671	1
677	1
678	1
679	1
680	1
685	1
687	1
689	1
690	1
691	1
717	1
722	1
804	1
805	1
840	1
841	1
868	1
910	1
922	1
976	1
980	1
