#Mean	244.057
#Median	215
#Mode	196
#STDev	113.320
#PercentOfPairs	100.000
#InsertSize	Count
36	1
44	1
46	1
47	1
52	1
53	1
54	1
55	2
56	2
57	2
58	1
59	2
60	3
61	6
62	1
63	2
64	1
65	2
66	6
67	4
68	1
69	3
70	4
71	5
72	10
73	8
74	6
75	13
76	9
77	8
78	8
79	14
80	14
81	14
82	10
83	12
84	19
85	10
86	19
87	16
88	31
89	20
90	25
91	25
92	26
93	24
94	33
95	33
96	27
97	36
98	42
99	32
100	30
101	50
102	46
103	51
104	37
105	49
106	53
107	51
108	71
109	56
110	64
111	66
112	69
113	75
114	75
115	65
116	76
117	93
118	73
119	108
120	93
121	77
122	77
123	85
124	70
125	82
126	106
127	102
128	104
129	98
130	100
131	98
132	96
133	120
134	94
135	85
136	105
137	104
138	107
139	92
140	93
141	98
142	117
143	105
144	102
145	104
146	110
147	117
148	107
149	120
150	116
151	126
152	125
153	120
154	108
155	133
156	138
157	126
158	123
159	111
160	124
161	123
162	107
163	108
164	120
165	134
166	128
167	133
168	125
169	127
170	128
171	120
172	108
173	120
174	119
175	129
176	109
177	126
178	119
179	130
180	118
181	121
182	138
183	122
184	106
185	105
186	139
187	122
188	144
189	125
190	135
191	118
192	118
193	106
194	97
195	118
196	146
197	113
198	127
199	105
200	114
201	101
202	132
203	90
204	102
205	130
206	122
207	111
208	106
209	104
210	113
211	111
212	121
213	98
214	93
215	92
216	95
217	100
218	87
219	109
220	87
221	94
222	91
223	96
224	79
225	90
226	114
227	101
228	95
229	90
230	97
231	68
232	100
233	86
234	103
235	82
236	73
237	99
238	91
239	74
240	93
241	72
242	92
243	77
244	83
245	81
246	66
247	89
248	84
249	77
250	72
251	84
252	82
253	78
254	79
255	74
256	58
257	64
258	84
259	60
260	69
261	74
262	74
263	75
264	73
265	60
266	67
267	75
268	74
269	76
270	68
271	66
272	58
273	76
274	61
275	74
276	48
277	68
278	55
279	68
280	55
281	61
282	45
283	64
284	50
285	67
286	70
287	56
288	58
289	43
290	62
291	52
292	54
293	59
294	55
295	59
296	44
297	48
298	47
299	63
300	44
301	51
302	60
303	54
304	43
305	57
306	40
307	70
308	50
309	43
310	35
311	48
312	53
313	52
314	49
315	42
316	53
317	40
318	52
319	37
320	41
321	32
322	49
323	33
324	37
325	27
326	40
327	39
328	45
329	45
330	42
331	44
332	37
333	35
334	41
335	34
336	32
337	39
338	21
339	39
340	28
341	39
342	33
343	28
344	32
345	32
346	42
347	34
348	34
349	32
350	26
351	41
352	33
353	34
354	33
355	32
356	27
357	37
358	30
359	20
360	24
361	22
362	33
363	31
364	35
365	35
366	30
367	30
368	33
369	33
370	27
371	28
372	30
373	27
374	36
375	25
376	35
377	25
378	29
379	34
380	25
381	26
382	30
383	32
384	23
385	29
386	25
387	32
388	37
389	18
390	33
391	33
392	24
393	25
394	21
395	23
396	32
397	31
398	13
399	21
400	24
401	21
402	35
403	29
404	18
405	19
406	28
407	26
408	29
409	12
410	15
411	19
412	17
413	27
414	22
415	19
416	19
417	18
418	18
419	18
420	21
421	33
422	21
423	20
424	15
425	18
426	27
427	19
428	17
429	18
430	23
431	28
432	20
433	14
434	17
435	18
436	16
437	18
438	29
439	14
440	16
441	16
442	15
443	16
444	14
445	22
446	13
447	18
448	19
449	19
450	15
451	14
452	13
453	20
454	17
455	16
456	18
457	11
458	14
459	18
460	15
461	18
462	15
463	16
464	18
465	14
466	10
467	15
468	9
469	12
470	15
471	18
472	15
473	16
474	14
475	21
476	14
477	10
478	17
479	13
480	19
481	12
482	11
483	11
484	14
485	14
486	11
487	11
488	12
489	11
490	18
491	13
492	6
493	12
494	12
495	4
496	11
497	9
498	11
499	15
500	12
501	13
502	10
503	6
504	15
505	17
506	16
507	10
508	9
509	10
510	10
511	15
512	12
513	13
514	9
515	10
516	16
517	9
518	9
519	13
520	11
521	12
522	6
523	9
524	6
525	8
526	8
527	14
528	7
529	7
530	5
531	10
532	10
533	11
534	8
535	7
536	8
537	9
538	10
539	8
540	8
541	7
542	8
543	3
544	10
545	12
546	7
547	9
548	10
549	15
550	16
551	7
552	9
553	6
554	7
555	12
556	12
557	8
558	7
559	7
560	13
561	7
562	12
563	10
564	9
565	10
566	4
567	11
568	13
569	8
570	5
571	8
572	9
573	6
574	4
575	15
576	6
577	6
578	7
579	6
580	5
581	12
582	5
583	11
584	7
585	13
586	5
587	5
588	3
589	3
590	6
591	4
592	11
593	2
594	6
595	1
596	7
597	9
598	2
599	5
600	4
601	2
602	5
603	3
604	2
605	4
606	3
607	3
608	4
609	4
610	6
611	7
612	3
613	4
614	5
615	2
616	3
617	4
618	2
619	2
620	2
621	5
622	3
623	4
624	2
625	6
626	2
627	4
628	5
629	4
630	2
631	2
632	5
633	2
634	2
638	1
639	4
640	1
643	2
644	2
646	2
648	1
649	1
650	3
651	1
652	2
653	1
654	1
655	1
657	2
661	1
663	1
664	1
667	1
670	3
672	1
677	2
688	1
690	1
701	1
712	1
724	1
749	1
764	1
775	1
820	1
822	1
824	1
843	1
857	1
999	1
