#Mean	261.910
#Median	229
#Mode	167
#STDev	117.096
#PercentOfPairs	100.000
#InsertSize	Count
47	1
50	1
52	1
57	1
58	1
59	1
65	2
66	2
67	2
68	2
69	1
70	2
71	4
72	4
74	2
75	1
76	9
77	4
78	4
79	6
80	4
81	5
82	5
83	9
84	4
85	9
86	6
87	10
88	13
89	8
90	8
91	14
92	10
93	17
94	17
95	21
96	20
97	15
98	23
99	22
100	26
101	39
102	30
103	30
104	30
105	32
106	38
107	42
108	26
109	26
110	36
111	41
112	34
113	47
114	38
115	42
116	44
117	40
118	36
119	47
120	47
121	43
122	50
123	64
124	60
125	60
126	48
127	50
128	56
129	64
130	58
131	47
132	79
133	69
134	60
135	59
136	69
137	68
138	73
139	61
140	66
141	58
142	74
143	69
144	62
145	64
146	76
147	80
148	88
149	69
150	96
151	89
152	73
153	87
154	110
155	115
156	125
157	112
158	133
159	125
160	165
161	156
162	160
163	160
164	150
165	168
166	168
167	177
168	175
169	167
170	170
171	159
172	157
173	140
174	156
175	123
176	129
177	119
178	136
179	149
180	142
181	135
182	120
183	125
184	116
185	144
186	133
187	129
188	129
189	123
190	131
191	155
192	119
193	130
194	117
195	112
196	123
197	126
198	116
199	105
200	115
201	113
202	127
203	122
204	122
205	105
206	86
207	104
208	91
209	102
210	104
211	102
212	102
213	106
214	93
215	95
216	83
217	93
218	93
219	79
220	86
221	94
222	74
223	78
224	94
225	80
226	109
227	74
228	88
229	60
230	90
231	84
232	84
233	72
234	65
235	94
236	71
237	83
238	72
239	75
240	69
241	80
242	69
243	66
244	79
245	64
246	77
247	76
248	88
249	62
250	74
251	69
252	78
253	84
254	75
255	76
256	75
257	74
258	72
259	62
260	57
261	69
262	56
263	56
264	75
265	73
266	76
267	57
268	69
269	63
270	54
271	75
272	66
273	63
274	49
275	49
276	50
277	59
278	73
279	59
280	59
281	56
282	53
283	50
284	50
285	56
286	61
287	56
288	55
289	40
290	47
291	56
292	46
293	50
294	57
295	49
296	50
297	46
298	42
299	56
300	57
301	55
302	47
303	45
304	54
305	57
306	46
307	46
308	34
309	55
310	44
311	49
312	46
313	58
314	52
315	63
316	40
317	43
318	39
319	52
320	41
321	49
322	39
323	57
324	53
325	53
326	41
327	50
328	51
329	40
330	45
331	48
332	40
333	42
334	50
335	51
336	46
337	53
338	50
339	43
340	50
341	59
342	60
343	54
344	41
345	55
346	41
347	63
348	58
349	56
350	49
351	60
352	47
353	41
354	62
355	66
356	66
357	48
358	61
359	49
360	55
361	60
362	59
363	55
364	49
365	58
366	51
367	44
368	39
369	44
370	58
371	54
372	60
373	51
374	51
375	50
376	48
377	42
378	42
379	38
380	40
381	60
382	32
383	35
384	45
385	36
386	39
387	46
388	37
389	36
390	37
391	39
392	39
393	33
394	31
395	20
396	34
397	32
398	26
399	39
400	26
401	35
402	31
403	30
404	36
405	16
406	29
407	25
408	30
409	26
410	37
411	25
412	26
413	27
414	24
415	24
416	17
417	23
418	21
419	36
420	29
421	34
422	17
423	20
424	26
425	25
426	19
427	21
428	28
429	19
430	24
431	21
432	27
433	19
434	20
435	22
436	16
437	20
438	24
439	24
440	21
441	15
442	23
443	23
444	19
445	24
446	20
447	24
448	18
449	15
450	17
451	17
452	18
453	14
454	21
455	17
456	16
457	10
458	24
459	18
460	16
461	16
462	15
463	8
464	19
465	16
466	15
467	13
468	20
469	20
470	18
471	19
472	17
473	7
474	20
475	16
476	21
477	15
478	15
479	9
480	17
481	12
482	14
483	11
484	15
485	13
486	19
487	14
488	12
489	10
490	22
491	21
492	7
493	11
494	17
495	16
496	10
497	14
498	9
499	13
500	10
501	11
502	15
503	19
504	14
505	6
506	11
507	12
508	22
509	16
510	13
511	14
512	10
513	15
514	16
515	13
516	8
517	15
518	10
519	14
520	16
521	20
522	9
523	13
524	10
525	11
526	11
527	10
528	15
529	11
530	18
531	11
532	10
533	15
534	12
535	9
536	14
537	15
538	13
539	17
540	12
541	15
542	13
543	15
544	20
545	13
546	15
547	9
548	15
549	11
550	10
551	11
552	16
553	15
554	22
555	13
556	12
557	15
558	9
559	12
560	8
561	9
562	13
563	13
564	7
565	9
566	8
567	7
568	15
569	13
570	3
571	9
572	12
573	10
574	8
575	10
576	6
577	8
578	10
579	7
580	4
581	4
582	6
583	8
584	1
586	1
587	8
588	2
589	4
590	7
591	3
592	6
593	3
594	1
595	5
596	3
597	4
598	4
599	2
600	4
602	1
603	2
604	4
605	2
606	1
608	2
609	1
610	1
611	2
612	1
613	1
614	1
619	1
621	2
622	1
625	1
626	1
635	1
636	1
649	2
651	1
652	1
657	1
658	1
662	1
665	1
674	1
678	1
690	1
705	1
710	1
712	2
720	1
721	1
724	1
725	1
727	1
731	1
737	1
740	1
746	1
755	1
761	1
766	2
771	2
778	2
783	1
786	1
794	1
795	1
810	1
816	1
823	1
824	1
825	2
828	2
834	1
837	1
838	1
843	1
847	1
848	1
849	1
851	1
852	2
853	1
854	1
855	1
858	2
860	1
863	2
867	2
869	1
872	2
877	1
878	1
883	1
884	1
886	1
887	1
889	1
892	2
893	1
899	1
903	1
906	1
912	1
921	1
939	1
947	1
953	1
954	1
955	1
957	1
958	1
961	1
972	1
973	1
978	1
981	1
982	1
984	1
991	1
994	1
997	1
999	2
